{{
x1=0.041947,y1=0.522025,z1=-0.097121,
x2=-0.071073,y2=0.252099,z2=-0.005501,
x3=-0.030976,y3=0.2427,z3=-0.084697,
c=32,forceRender=true
},{
x1=-0.071073,y1=0.252099,z1=-0.005501,
x2=0.000289,y2=0.000342,z2=-0.000198,
x3=-0.030976,y3=0.2427,z3=-0.084697,
c=32,forceRender=true
}}